       85660214      871944137              2          30290
       85660145      574085940              2          30792
       85640059       85590225              2          29889
     1828713433       87292089              2          30525
      800481643      871944137              2          27867
     1828713433       85650294              2          28597
       85641389       85653081              2          32238
       85641569      574085940              2          30461
      826304654       85650819              2          30142
      870748871       85590225              2          26885
      858505813       85641149              2          30171
       91552995      871944137              2          30767
      574081977       85645563              2          27651
       85647349       85653109              2          31731
       85660198       85650294              2          30012
      872042337      840783275              2          30298
      816926471      871944137              2          29398
       85646571      871944137              2          27453
       85641441       85653081              2          27990
       85641661       85653081              2          30937
       85641141       85590225              2          26819
       85647384       85650819              2          28825
       85641164       85650788              2          31810
       85650293       85647760              2          30179
      660284939       85640983              2          27620
      850794099       85653081              2          30465
       85660195      731104918              2          28334
       85641355       85590225              2          30173
      852107784       85650691              2          30428
       85641569       85650294              2          30195
       85641441      842014051              2          29962
       85641569      574085942              2          32118
      828646367       85590225              2          28769
       85647368       85590225              2          30196
       85646249      871944137              2          29526
       85647450      871944137              2          27118
      574081977       85641137              2          27460
      828661171       85652976              2          31728
      574086046       85650294              2          31101
       85641441       85590225              2          28768
       85641389       85650788              2          27104
       85641441      574085942              2          28436
      826304654      840783275              2          30325
       85646695       85590225              2          29115
       85650402       85646258              2          29157
       85651135       85647411              2          29223
      800433947       85641132              2          27635
       85653066       85647531              2          26737
       85660195       85650294              2          30285
       85641389       85590225              2          29610
      872042337      840762421              2          30480
      731105033       85653660              2          30508
       85645999       85650819              2          29674
      834450250       85590225              2          27143
       85650293       85646006              2          29952
       87292507       85646021              2          31239
       87292083       85645563              2          27437
       85647304       85653081              2          29652
       85660198      731104918              2          32077
       85641421       85590225              2          30954
      731105033       85650442              2          28124
       85641355      574085940              2          28495
       85641173       85590225              2          27231
      870528620       85590225              2          30239
       85650293       85646263              2          31956
       85647499       85650483              2          29625
      679628712       85645561              2          27345
      870745285      872910972              2          27022
       91552954       85650469              2          27105
      800481643       85590225              2          28903
       85641423      840762421              2          30705
       85641421      574085940              2          30915
      574054153       85590225              2          28260
      828657355      731104146              2          30750
      706004142       85650294              2          28863
       85651135       85647292              2          29601
       87292083      834575270              2          27612
      800433947      828661181              2          28009
       85640063       85650294              2          27468
       85641421      731104918              2          31061
       85641389      574085942              2          27386
       85641071       85590225              2          27820
       85647328       85650819              2          28358
      870626159       85650691              2          27361
       85650402       85647523              2          30195
       85641137      574085942              2          31648
       85646022       85650099              2          26928
       85660195      871944137              2          28302
       85641355      731104918              2          30968
       85641421       85653120              2          31713
       85646303      731104146              2          30590
       85647411       87292089              2          26713
       85650293       85641071              2          28406
       85646695       87292086              2          30179
      835374855       85653843              2          32061
      862235424       85653081              2          28814
       91552954      731104918              2          30473
      872042337       85650294              2          27441
      731105033       85653081              2          30218
      706489836      840783275              2          28567
      706489847      840783275              2          27570
       87292507       85641104              2          26939
      810812656      871944137              2          28306
       85645984      870788239              2          30255
       85646053       85653120              2          30619
       91552954       85650691              2          26963
      872042337      871944137              2          28855
      871940621       85653843              2          31010
      574044470       85590225              2          26777
       91553447       85590225              2          28327
       85650402       85641071              2          30144
       87292507       85646023              2          27137
       85646604       85653120              2          28226
       85647361       85653660              2          31306
       91552954      871944137              2          28065
      731105033       85650294              2          29264
       85646117       85590225              2          27994
      834545571      840762421              2          27829
      872910993       87292086              2          28079
      877652372      800433946              2          28983
      872944789      574085942              2          27797
      574086046      871944137              2          28324
      872042337       85650691              2          29885
      574047752       85590225              2          26709
       85646153       85650788              2          29424
      810812656      731104918              2          28122
      877652372      574085942              2          31092
       85646021       85653081              2          31125
       85641423      731104918              2          29104
       85641071      871944137              2          27177
       85647503       85650294              2          27987
       85641141       85653843              2          27094
       85646044       85653109              2          31917
       85641421       87292086              2          30092
      826304681      840762421              2          30466
       85647499      731104918              2          26830
       85653066       85646600              2          26880
       85646022      574085942              2          29530
       85641441       85650294              2          30931
      828644900       85650788              2          28873
       85646695       85650691              2          29557
      706489841      574085942              2          30773
      679628712      706004127              2          30610
      731105033       87292086              2          31217
      706489836      731104918              2          31219
       87286821       85650788              2          29095
      574081977      706004141              2          30179
       85647328      574085940              2          29225
       85641423      871944137              2          27321
       85646001      871944137              2          30296
      828661181       87292086              2          30106
      574054153      574085940              2          30677
       85647450       85652976              2          30665
       85641355       85650294              2          30857
       87285092      840762421              2          31485
       85651135       85646021              2          28872
       85653842       85646153              2          26703
       85653105       87284575              2          27382
      731104954       85650294              2          31948
       85641137       85650294              2          27881
      850794099       85650294              2          30311
       85641071      574085942              2          31395
      841623328       85646054              2          30946
       85641458       85650294              2          28252
      825564194      731104915              2          28144
      870528620       85650294              2          28925
       85641071       85652976              2          30161
      872944980       85653109              2          30001
      800481643       85650483              2          30480
       85650402      826315202              2          27756
       85647503      871944137              2          28456
       85646263       85653081              2          28050
       85647503       85653843              2          31949
       85641355      731104915              2          27625
       85641149       85650294              2          30001
      828710339      731104915              2          28009
       85653105       85640931              2          27764
       91553447       85653120              2          29719
       85640059      871944137              2          26973
       85646006      871944137              2          29445
       85646044      871944137              2          27350
       85641170      574085942              2          27904
       85647404       85652976              2          27752
       85641423       85650294              2          31584
      840380073      731104915              2          31141
       85647405       85650294              2          27240
       85646249       85653081              2          31475
       85652977      706489846              2          29397
       85641421       85650294              2          30595
      574053943      871944137              2          27031
       91552995      840762421              2          29869
       85641149       85653120              2          30067
      679628712       85647772              2          30113
       85641355      871944137              2          28513
      877652375       85650691              2          31274
       85650293       85646049              2          31570
       85653842       85645564              2          26716
      574081977      872943758              2          28460
      731105033      871944137              2          30020
       85641149      871944137              2          31546
       91552997      871944137              2          31027
       85646260       85653120              2          30707
      834450250       85653081              2          30694
      872042337      731104918              2          29338
       85645553      731104918              2          28871
       85647458       85650294              2          30884
       85641140       85653660              2          29815
       85646022       85653109              2          27708
      731104954      731104918              2          26842
       85645971      840762421              2          28529
       85650402       85646049              2          27331
      826441210       85653109              2          29374
      850794099       85653109              2          31763
       85641421      871944137              2          27361
      835374857       87292086              2          30701
       91552996       85650294              2          26864
       85645984      574085940              2          29037
       85650097       85646047              2          29481
       85641421       85650483              2          27669
      706489836      871944137              2          29672
       85650402       85647467              2          28639
       87292083       85641171              2          27151
       85645956       85653081              2          27780
      800481643       85650294              2          29105
       85641164       85650294              2          31118
      800791770       85650294              2          31134
       85641144      730671946              2          28292
       85652977       85647535              2          31419
       85641389       85650294              2          31598
       85641140      840762421              2          28175
       85650293       85647427              2          27894
       87285092       85650099              2          31168
       85641421       85650738              2          30330
       85641071       85650294              2          29819
       85645956      731104915              2          31594
      679630459       85641078              2          26871
       85641396      871944137              2          31558
      825564188       85650294              2          30191
      706004128       85650294              2          31565
      730670216       85641144              2          27047
      817758130       85650691              2          26827
      862293421      871944137              2          27838
      842014051       85641052              2          28295
      706489842       87292086              2          29561
      862235424      871944137              2          27958
       85653842      834545571              2          27702
       85651135       85641132              2          29006
       85647466       87292086              2          29639
       85653705       85641078              2          27075
      706489842      731104918              2          31614
       91552994      731104918              2          28479
      679630580       85641052              2          28806
       85645980       85650788              2          27631
       85647762       85650294              2          30730
      835374854      574085942              2          30461
       85650402       85641171              2          28306
      834450250      871944137              2          27566
       85653659       85641171              2          27177
       85650402       85646284              2          26926
       85646037      871944137              2          26804
       85646249       85650099              2          32049
      826315202      871944137              2          31104
      872944789      840762421              2          28319
      834545571       85653109              2          31976
       85646604       85650294              2          28922
       85647781      840762421              2          27826
      706004143       85653081              2          28208
       85646159       85650738              2          27508
      810812656       85650294              2          28588
       85646249       85652976              2          31298
       85646121       85650469              2          29683
       85646054      731104918              2          27179
       85646260      660284940              2          32152
       85646294       85650294              2          31110
      828676143      731104918              2          30282
      835374854       85653081              2          30576
      706489841      731104918              2          30799
       87292087       85647427              2          27317
       85641141      574085942              2          31495
       85641164      871944137              2          27035
       87292507       85645956              2          29773
      826441221       92076469              2          31828
       85646121      731104918              2          31830
      828674397       85650483              2          31417
      877655500       85653109              2          29091
       85641137      871944137              2          30310
       85647368       85650788              2          30703
      840380073       85653081              2          31402
       91552962      871944137              2          28505
       85647361       85650294              2          29064
      826441227       85653109              2          30234
       85645824       85650691              2          28720
       85651135       85647322              2          28918
       85653713      706489843              2          31633
      826441227       85650294              2          26864
       85646047       85650294              2          27296
      826315200      574085940              2          31325
      826315200      871944137              2          31603
       85647307       85650483              2          28465
      679628712      835365265              2          32050
       85651135       85641076              2          26845
       85646053       85650788              2          29077
      862232353      574085940              2          30130
      706489842       85650294              2          30578
       85650402       85647368              2          28139
       85645999       85650099              2          31906
       85651176       85645565              2          27052
       85647446       85650294              2          26734
      835374857      731114420              2          31190
       87285092       85650294              2          29896
      828721861       85650294              2          28109
       85646117      800433946              2          30677
       85641144       85650294              2          28127
       85647404      731104918              2          31440
      826480504      574085942              2          29786
      877652372      858502514              2          30603
      834450250      731104918              2          27000
       85659998       85641171              2          29426
       85645984       85650294              2          28314
      828676143       85650294              2          27250
      660284939       85646006              2          28125
      835374857       85650294              2          28789
       85647781       85650294              2          29340
       85653659       85646006              2          29213
      877652372      871944137              2          30101
       85646053      871944137              2          29258
       85641097       85650294              2          28135
       85647368      871944137              2          29299
       85646117       85651134              2          28182
       85651135       85646053              2          26877
       85651135       85641149              2          28315
      826301412      871944137              2          29012
      826315200       85650294              2          31596
       85646039       85650483              2          31625
      826304681       85650294              2          30264
      872944789       85650294              2          27830
      706004143      731104915              2          28082
       85646036       85650294              2          28530
       85645998      871944137              2          28093
       85650293       85646039              2          28098
      840380073      871944137              2          26710
      810812656      840762421              2          27316
      706489836       85650294              2          26815
       85646695       85650294              2          30223
       85641096      840762421              2          29242
       85650402       85647778              2          28166
       85641069       85650788              2          29075
       85646039       85650294              2          29041
       85641141      871944137              2          28881
       85647781      871944137              2          29034
       85646001       85650691              2          31803
       85647328      731104915              2          27544
      828646367      871944137              2          31303
       85647828       85650294              2          28427
       85759349       85646593              2          26713
       87286821      871944137              2          30171
       91552963      871944137              2          30505
       85647431       85650294              2          29209
      826304654       85650294              2          29915
       85647301      871944137              2          28165
      574049772      871944137              2          27051
       85650293       85647758              2          27985
      840380073      731104918              2          27679
       85759349      870748871              2          26752
      862232353      871944137              2          28152
       91552995       85650294              2          29055
       85646260       85650294              2          29576
      872944789      871944137              2          30253
       85646121       87292086              2          30534
       91553447       85650294              2          26960
      574054153      871944137              2          28573
       85646047      731104915              2          28518
      872910974      871944137              2          31636
       85646034       85650294              2          28823
      706489842      871944137              2          31740
       85646039       85650691              2          29641
       85651135       85646006              2          30395
       87292507       87284575              2          29752
       85646303       85650294              2          30379
      876926663       85650691              2          27178
      826480504      871944137              2          29247
      828674397      871944137              2          27219
      706489841       87292086              2          31896
       87286821      731104918              2          26725
       87292507      660286290              2          30333
       85647328       85650294              2          27466
      706489836       85650788              2          27724
       91553447      871944137              2          28911
       85645998       85650294              2          30162
       85646054      871944137              2          26777
       91552962       85650294              2          27399
       85645956      871944137              2          29953
      835374855       85650294              2          29849
       85647322       85650294              2          28010
      828646367       87292086              2          32017
       87292507      862228281              2          30656
       85646249       85650488              2          28807
      805679419       85650294              2          29130
      826441227      871944137              2          30780
       85646022       87292086              2          28214
      826480504       87292086              2          29159
       91552995      731104915              2          30159
      817758130      871944137              2          30975
       85646054       85650294              2          27555
       85641071      731104918              2          29803
       85647251       85650483              2          27620
       85650402       85645999              2          27221
       85647759       87292491              2          27125
       85650402       85645984              2          27535
       85647328       85650442              2          28031
      574044470      871944137              2          29741
      876926663      871944137              2          27306
      877652373      731104915              2          31443
       85651135       87284575              2          30726
       85641140       85650294              2          29277
       85651135       85647393              2          31388
       91552963       85650294              2          29588
       85650402       87284575              2          30609
       85646588       85650738              2          31306
       85646050      731104918              2          30527
       85641140       85650691              2          28558
      870596845       85650691              2          31675
       85641049       85650294              2          27257
       85646052       85650294              2          30758
       85646260      731104918              2          26928
       85647499      871944137              2          30550
      826304654      871944137              2          31112
       85650293      828674395              2          29497
       85641141      731104915              2          26896
       85651135       85647316              2          27850
       85641069       85650294              2          27131
       85646050       85650294              2          30631
       85650615       85645659              2          29330
       85651135       85647458              2          31198
      834545571      871944137              2          27055
       85647328      840762421              2          27459
       85641076      871944137              2          29648
       85647366      731104915              2          26927
       85646006       85650788              2          27447
       85647328       85650691              2          28018
      574044473      731104918              2          27478
       85646028       85650294              2          27959
      840380073       85650294              2          27831
       85645956       85650294              2          29654
      862235446       85650294              2          28504
      871774605       85650294              2          27952
       85646159       85650294              2          29383
       85650293       85647405              2          31416
       85645628      871944137              2          27089
       85647499      731104915              2          27720
       85646249       85650691              2          29526
      706489847       85650294              2          30060
      706489841       85650294              2          30769
       87292496       87286820              2          28607
      826304681       85650691              2          29292
       85650402       85647300              2          29791
       85646588      871944137              2          29222
       85647524       85650294              2          28362
       85646286      871944137              2          28556
       85650293       85646044              2          26805
       85641107       85650294              2          28472
       87292507      828661181              2          28799
      863183378      731104918              2          31139
       85647499       87292088              2          29153
      574047752       85650294              2          31752
       85647316      871944137              2          29932
       85646249      731104918              2          30110
       85650293       85645656              2          29661
      574047752      871944137              2          31527
      863183378      871944137              2          31618
       85645999       87292086              2          27485
      826304681      871944137              2          29280
       85645661       85650691              2          29825
      835374854      871944137              2          27193
       85646117      731104915              2          28310
      805679393      871944137              2          27291
      706004143       85650294              2          30837
       85646117       85650294              2          29620
       85641173       85650294              2          27718
       85641096       85650294              2          31015
      840410073       85650294              2          27750
       85646117       85650469              2          27270
      825564168       85650294              2          27541
      835374854       85650294              2          29820
       85646117      871944137              2          28498
       85646588       85650294              2          27934
       85641076       85650691              2          31440
       85641140      871944137              2          30068
      574054153       85650294              2          28658
      828646367      731104918              2          29513
      826441221       85650294              2          28209
      828644900      871944137              2          28142
       85650293       85645638              2          28563
       85651135      826441227              2          29861
      873037902       85650483              2          27078
      870449378      871944137              2          27041
       85646249       85650294              2          31904
      706004143      871944137              2          28580
       85641141       85650483              2          27267
       85651135       85646588              2          29795
